483333
4604392
7999506
2894331
6951024
2592789
7132297
7203697
7332767
6223308
9897794
1523778
2033226
8193166
584354
5385068
1901533
5994808
2922580
912877
5067673
8841323
6155681
463921
9519243
1690304
8266710
6113769
8472995
1141231
6492198
1148150
4734122
6831810
1332986
4640782
712500
5812184
5659789
2552622
2384941
159538
3847447
7573002
5751600
4080855
1957082
5121743
7133457
8673855
7418054
9948325
8667482
4858128
9033054
203145
6367875
9440557
407802
2856716
6772538
5861783
649696
8792118
4879093
8914756
7622947
6553048
9714815
1711391
1359652
7552107
3132170
4632524
3394342
96218
3338014
2468233
9940609
9055670
3497683
2781155
929237
2405303
9016466
3242459
5727033
1850651
7379102
1117564
3837517
8623647
8570829
8193637
2456950
8975883
6041235
1397314
1613013
8831528
9785851
6013176
3618060
2314038
4497305
6431015
2452175
4680136
4974318
749649
7665948
453672
1651126
7771986
2083485
2517762
3965238
4806878
5092907
6247965
6255474
9911668
3592220
2759911
6781167
5087627
2768597
5788408
8228355
9414545
4443174
4232291
9961977
6141181
9440661
9120818
8149768
6896369
3086540
5581965
6367576
7690811
540310
1148313
8459905
1723833
369830
3125545
8172807
2346367
5874414
9241843
3300492
2055409
3644871
9757147
7168941
6433097
7825673
4664818
2322772
3178790
7887919
6344428
6597828
5375835
9192166
7805060
3267095
7387478
4377339
5917965
1145092
3191656
6218534
8945537
9635861
200635
1106518
4030201
971951
2930490
6787076
9797917
3994336
8208843
1316193
8448912
2327267
671546
3314521
5752345
1368193
8677977
3292662
4880019
4315367
2605416
9830028
9656980
9485173
4517224
3316930
77595
1658400
8281669
6434007
3222752
263696
3554429
7438845
2986638
1812232
4151917
8673400
6249398
552023
4040929
3019602
1523197
3091682
32583
4374089
6764113
8229130
7558453
1626389
5520431
5250937
9193553
4419070
448023
9645835
134624
5520235
9342996
8986089
6179897
6999245
9390950
4520841
1766718
6167652
5183802
3644931
7733097
8282770
3183901
5959796
7818180
335923
8569775
6826110
8018506
9176971
3881099
4719809
880583
9251054
6784799
6410323
9959078
4995424
4300516
8291686
1166961
5986843
2212246
3986769
3011523
6335440
9449833
58708
8165989
6908853
9809848
697396
449548
7399537
8191217
2608406
7040127
2964757
822910
8753836
774517
7409843
1250701
4437129
5924831
6363480
5327348
2087165
6737281
2419085
7205294
3999640
3940360
4115022
1497437

